0.000000	0.110124	-1
0.010000	0.108424	-1
0.020000	0.106232	-1
0.030000	0.103683	-1
0.040000	0.100901	-1
0.050000	0.097975	-1
0.060000	0.094930	-1
0.070000	0.091735	-1
0.080000	0.088308	-1
0.090000	0.084540	-1
0.100000	0.080321	-1
0.110000	0.075557	-1
0.120000	0.070198	-1
0.130000	0.064256	-1
0.140000	0.057824	-1
0.150000	0.051077	-1
0.160000	0.044262	-1
0.170000	0.037664	-1
0.180000	0.031564	-1
0.190000	0.026198	-1
0.200000	0.021720	-1
0.210000	0.018199	-1
0.220000	0.015625	-1
0.230000	0.013944	-1
0.240000	0.013088	-1
0.250000	0.013002	-1
0.260000	0.013645	-1
0.270000	0.014973	-1
0.280000	0.016906	-1
0.290000	0.019293	-1
0.300000	0.021898	-1
0.310000	0.024412	-1
0.320000	0.026510	-1
0.330000	0.027940	-1
0.340000	0.028613	-1
0.350000	0.028661	-1
0.360000	0.028425	-1
0.370000	0.028360	-1
0.380000	0.028880	-1
0.390000	0.030172	-1
0.400000	0.032077	-1
0.410000	0.034101	-1
0.420000	0.035581	-1
0.430000	0.035955	-1
0.440000	0.035007	-1
0.450000	0.032951	-1
0.460000	0.030331	-1
0.470000	0.027803	-1
0.480000	0.025921	-1
0.490000	0.025003	-1
0.500000	0.025094	-1
0.510000	0.026005	-1
0.520000	0.027413	-1
0.530000	0.028998	-1
0.540000	0.030568	-1
0.550000	0.032118	-1
0.560000	0.033803	-1
0.570000	0.035837	-1
0.580000	0.038395	-1
0.590000	0.041553	-1
0.600000	0.045296	-1
0.610000	0.049552	-1
0.620000	0.054230	-1
0.630000	0.059235	-1
0.640000	0.064461	-1
0.650000	0.069782	-1
0.660000	0.075033	-1
0.670000	0.080002	-1
0.680000	0.084439	-1
0.690000	0.088067	-1
0.700000	0.090616	-1
0.710000	0.091867	-1
0.720000	0.091701	-1
0.730000	0.090142	-1
0.740000	0.087369	-1
0.750000	0.083709	-1
0.760000	0.079587	-1
0.770000	0.075460	-1
0.780000	0.071750	-1
0.790000	0.068792	-1
0.800000	0.066814	-1
0.810000	0.065946	-1
0.820000	0.066236	-1
0.830000	0.067671	-1
0.840000	0.070183	-1
0.850000	0.073641	-1
0.860000	0.077843	-1
0.870000	0.082520	-1
0.880000	0.087361	-1
0.890000	0.092059	-1
0.900000	0.096358	-1
0.910000	0.100095	-1
0.920000	0.103219	-1
0.930000	0.105768	-1
0.940000	0.107828	-1
0.950000	0.109470	-1
0.960000	0.110703	-1
0.970000	0.111466	-1
0.980000	0.111664	-1
0.990000	0.111222	-1
1.000000	0.110124	-1
0.000000	0.013776	0
0.010000	0.015782	0
0.020000	0.017833	0
0.030000	0.019836	0
0.040000	0.021687	0
0.050000	0.023287	0
0.060000	0.024550	0
0.070000	0.025409	0
0.080000	0.025819	0
0.090000	0.025753	0
0.100000	0.025196	0
0.110000	0.024143	0
0.120000	0.022604	0
0.130000	0.020609	0
0.140000	0.018223	0
0.150000	0.015557	0
0.160000	0.012758	0
0.170000	0.010002	0
0.180000	0.007459	0
0.190000	0.005268	0
0.200000	0.003509	0
0.210000	0.002196	0
0.220000	0.001287	0
0.230000	0.000704	0
0.240000	0.000359	0
0.250000	0.000170	0
0.260000	0.000075	0
0.270000	0.000030	0
0.280000	0.000011	0
0.290000	0.000004	0
0.300000	0.000001	0
0.310000	0.000000	0
0.320000	0.000000	0
0.330000	0.000000	0
0.340000	0.000000	0
0.350000	0.000000	0
0.360000	0.000000	0
0.370000	0.000000	0
0.380000	0.000000	0
0.390000	0.000000	0
0.400000	0.000000	0
0.410000	0.000000	0
0.420000	0.000000	0
0.430000	0.000000	0
0.440000	0.000000	0
0.450000	0.000000	0
0.460000	0.000000	0
0.470000	0.000000	0
0.480000	0.000000	0
0.490000	0.000000	0
0.500000	0.000000	0
0.510000	0.000000	0
0.520000	0.000001	0
0.530000	0.000002	0
0.540000	0.000007	0
0.550000	0.000020	0
0.560000	0.000049	0
0.570000	0.000115	0
0.580000	0.000251	0
0.590000	0.000511	0
0.600000	0.000977	0
0.610000	0.001752	0
0.620000	0.002960	0
0.630000	0.004721	0
0.640000	0.007126	0
0.650000	0.010207	0
0.660000	0.013905	0
0.670000	0.018055	0
0.680000	0.022382	0
0.690000	0.026530	0
0.700000	0.030102	0
0.710000	0.032729	0
0.720000	0.034133	0
0.730000	0.034184	0
0.740000	0.032922	0
0.750000	0.030552	0
0.760000	0.027391	0
0.770000	0.023804	0
0.780000	0.020137	0
0.790000	0.016668	0
0.800000	0.013583	0
0.810000	0.010975	0
0.820000	0.008861	0
0.830000	0.007211	0
0.840000	0.005964	0
0.850000	0.005055	0
0.860000	0.004421	0
0.870000	0.004009	0
0.880000	0.003780	0
0.890000	0.003709	0
0.900000	0.003779	0
0.910000	0.003986	0
0.920000	0.004334	0
0.930000	0.004834	0
0.940000	0.005502	0
0.950000	0.006356	0
0.960000	0.007414	0
0.970000	0.008689	0
0.980000	0.010186	0
0.990000	0.011892	0
1.000000	0.013776	0
0.000000	0.009969	1
0.010000	0.008030	1
0.020000	0.006228	1
0.030000	0.004630	1
0.040000	0.003286	1
0.050000	0.002216	1
0.060000	0.001414	1
0.070000	0.000851	1
0.080000	0.000481	1
0.090000	0.000254	1
0.100000	0.000126	1
0.110000	0.000058	1
0.120000	0.000024	1
0.130000	0.000010	1
0.140000	0.000003	1
0.150000	0.000001	1
0.160000	0.000000	1
0.170000	0.000000	1
0.180000	0.000000	1
0.190000	0.000000	1
0.200000	0.000000	1
0.210000	0.000000	1
0.220000	0.000000	1
0.230000	0.000000	1
0.240000	0.000000	1
0.250000	0.000000	1
0.260000	0.000000	1
0.270000	0.000000	1
0.280000	0.000000	1
0.290000	0.000000	1
0.300000	0.000000	1
0.310000	0.000000	1
0.320000	0.000000	1
0.330000	0.000000	1
0.340000	0.000000	1
0.350000	0.000000	1
0.360000	0.000000	1
0.370000	0.000000	1
0.380000	0.000000	1
0.390000	0.000000	1
0.400000	0.000000	1
0.410000	0.000000	1
0.420000	0.000001	1
0.430000	0.000002	1
0.440000	0.000005	1
0.450000	0.000013	1
0.460000	0.000029	1
0.470000	0.000060	1
0.480000	0.000120	1
0.490000	0.000227	1
0.500000	0.000408	1
0.510000	0.000701	1
0.520000	0.001151	1
0.530000	0.001810	1
0.540000	0.002736	1
0.550000	0.003981	1
0.560000	0.005590	1
0.570000	0.007590	1
0.580000	0.009982	1
0.590000	0.012732	1
0.600000	0.015766	1
0.610000	0.018969	1
0.620000	0.022189	1
0.630000	0.025254	1
0.640000	0.027988	1
0.650000	0.030238	1
0.660000	0.031896	1
0.670000	0.032916	1
0.680000	0.033315	1
0.690000	0.033163	1
0.700000	0.032575	1
0.710000	0.031682	1
0.720000	0.030616	1
0.730000	0.029495	1
0.740000	0.028417	1
0.750000	0.027449	1
0.760000	0.026637	1
0.770000	0.026002	1
0.780000	0.025549	1
0.790000	0.025265	1
0.800000	0.025132	1
0.810000	0.025118	1
0.820000	0.025191	1
0.830000	0.025312	1
0.840000	0.025440	1
0.850000	0.025538	1
0.860000	0.025569	1
0.870000	0.025499	1
0.880000	0.025304	1
0.890000	0.024961	1
0.900000	0.024455	1
0.910000	0.023776	1
0.920000	0.022917	1
0.930000	0.021872	1
0.940000	0.020638	1
0.950000	0.019215	1
0.960000	0.017611	1
0.970000	0.015844	1
0.980000	0.013946	1
0.990000	0.011966	1
1.000000	0.009969	1
0.000000	0.000000	2
0.010000	0.000000	2
0.020000	0.000000	2
0.030000	0.000000	2
0.040000	0.000000	2
0.050000	0.000000	2
0.060000	0.000000	2
0.070000	0.000000	2
0.080000	0.000000	2
0.090000	0.000000	2
0.100000	0.000000	2
0.110000	0.000000	2
0.120000	0.000000	2
0.130000	0.000000	2
0.140000	0.000000	2
0.150000	0.000000	2
0.160000	0.000000	2
0.170000	0.000000	2
0.180000	0.000000	2
0.190000	0.000000	2
0.200000	0.000000	2
0.210000	0.000000	2
0.220000	0.000000	2
0.230000	0.000000	2
0.240000	0.000000	2
0.250000	0.000000	2
0.260000	0.000000	2
0.270000	0.000000	2
0.280000	0.000000	2
0.290000	0.000001	2
0.300000	0.000001	2
0.310000	0.000003	2
0.320000	0.000005	2
0.330000	0.000010	2
0.340000	0.000018	2
0.350000	0.000032	2
0.360000	0.000055	2
0.370000	0.000091	2
0.380000	0.000147	2
0.390000	0.000229	2
0.400000	0.000347	2
0.410000	0.000512	2
0.420000	0.000737	2
0.430000	0.001035	2
0.440000	0.001424	2
0.450000	0.001921	2
0.460000	0.002543	2
0.470000	0.003307	2
0.480000	0.004226	2
0.490000	0.005307	2
0.500000	0.006550	2
0.510000	0.007940	2
0.520000	0.009450	2
0.530000	0.011039	2
0.540000	0.012657	2
0.550000	0.014246	2
0.560000	0.015751	2
0.570000	0.017119	2
0.580000	0.018308	2
0.590000	0.019292	2
0.600000	0.020054	2
0.610000	0.020593	2
0.620000	0.020916	2
0.630000	0.021040	2
0.640000	0.020982	2
0.650000	0.020765	2
0.660000	0.020409	2
0.670000	0.019933	2
0.680000	0.019355	2
0.690000	0.018689	2
0.700000	0.017948	2
0.710000	0.017139	2
0.720000	0.016271	2
0.730000	0.015350	2
0.740000	0.014378	2
0.750000	0.013362	2
0.760000	0.012304	2
0.770000	0.011210	2
0.780000	0.010089	2
0.790000	0.008951	2
0.800000	0.007811	2
0.810000	0.006689	2
0.820000	0.005605	2
0.830000	0.004582	2
0.840000	0.003643	2
0.850000	0.002809	2
0.860000	0.002093	2
0.870000	0.001501	2
0.880000	0.001034	2
0.890000	0.000681	2
0.900000	0.000427	2
0.910000	0.000255	2
0.920000	0.000144	2
0.930000	0.000077	2
0.940000	0.000039	2
0.950000	0.000018	2
0.960000	0.000008	2
0.970000	0.000003	2
0.980000	0.000001	2
0.990000	0.000000	2
1.000000	0.000000	2
0.000000	0.000000	3
0.010000	0.000000	3
0.020000	0.000000	3
0.030000	0.000000	3
0.040000	0.000000	3
0.050000	0.000000	3
0.060000	0.000000	3
0.070000	0.000000	3
0.080000	0.000000	3
0.090000	0.000000	3
0.100000	0.000000	3
0.110000	0.000001	3
0.120000	0.000001	3
0.130000	0.000003	3
0.140000	0.000007	3
0.150000	0.000015	3
0.160000	0.000030	3
0.170000	0.000054	3
0.180000	0.000094	3
0.190000	0.000154	3
0.200000	0.000239	3
0.210000	0.000355	3
0.220000	0.000505	3
0.230000	0.000690	3
0.240000	0.000908	3
0.250000	0.001158	3
0.260000	0.001434	3
0.270000	0.001732	3
0.280000	0.002045	3
0.290000	0.002368	3
0.300000	0.002695	3
0.310000	0.003025	3
0.320000	0.003352	3
0.330000	0.003675	3
0.340000	0.003992	3
0.350000	0.004303	3
0.360000	0.004605	3
0.370000	0.004896	3
0.380000	0.005174	3
0.390000	0.005436	3
0.400000	0.005675	3
0.410000	0.005886	3
0.420000	0.006063	3
0.430000	0.006196	3
0.440000	0.006278	3
0.450000	0.006301	3
0.460000	0.006259	3
0.470000	0.006148	3
0.480000	0.005966	3
0.490000	0.005715	3
0.500000	0.005403	3
0.510000	0.005039	3
0.520000	0.004636	3
0.530000	0.004210	3
0.540000	0.003774	3
0.550000	0.003342	3
0.560000	0.002927	3
0.570000	0.002536	3
0.580000	0.002173	3
0.590000	0.001843	3
0.600000	0.001545	3
0.610000	0.001279	3
0.620000	0.001045	3
0.630000	0.000839	3
0.640000	0.000663	3
0.650000	0.000513	3
0.660000	0.000388	3
0.670000	0.000286	3
0.680000	0.000206	3
0.690000	0.000143	3
0.700000	0.000097	3
0.710000	0.000063	3
0.720000	0.000039	3
0.730000	0.000024	3
0.740000	0.000014	3
0.750000	0.000008	3
0.760000	0.000004	3
0.770000	0.000002	3
0.780000	0.000001	3
0.790000	0.000000	3
0.800000	0.000000	3
0.810000	0.000000	3
0.820000	0.000000	3
0.830000	0.000000	3
0.840000	0.000000	3
0.850000	0.000000	3
0.860000	0.000000	3
0.870000	0.000000	3
0.880000	0.000000	3
0.890000	0.000000	3
0.900000	0.000000	3
0.910000	0.000000	3
0.920000	0.000000	3
0.930000	0.000000	3
0.940000	0.000000	3
0.950000	0.000000	3
0.960000	0.000000	3
0.970000	0.000000	3
0.980000	0.000000	3
0.990000	0.000000	3
1.000000	0.000000	3
0.000000	0.000000	4
0.010000	0.000000	4
0.020000	0.000000	4
0.030000	0.000000	4
0.040000	0.000000	4
0.050000	0.000000	4
0.060000	0.000001	4
0.070000	0.000003	4
0.080000	0.000008	4
0.090000	0.000018	4
0.100000	0.000038	4
0.110000	0.000075	4
0.120000	0.000135	4
0.130000	0.000227	4
0.140000	0.000356	4
0.150000	0.000524	4
0.160000	0.000728	4
0.170000	0.000958	4
0.180000	0.001203	4
0.190000	0.001446	4
0.200000	0.001671	4
0.210000	0.001866	4
0.220000	0.002022	4
0.230000	0.002134	4
0.240000	0.002204	4
0.250000	0.002236	4
0.260000	0.002237	4
0.270000	0.002214	4
0.280000	0.002177	4
0.290000	0.002133	4
0.300000	0.002088	4
0.310000	0.002048	4
0.320000	0.002017	4
0.330000	0.001999	4
0.340000	0.001995	4
0.350000	0.002006	4
0.360000	0.002034	4
0.370000	0.002076	4
0.380000	0.002131	4
0.390000	0.002196	4
0.400000	0.002264	4
0.410000	0.002329	4
0.420000	0.002380	4
0.430000	0.002406	4
0.440000	0.002394	4
0.450000	0.002335	4
0.460000	0.002219	4
0.470000	0.002045	4
0.480000	0.001817	4
0.490000	0.001550	4
0.500000	0.001263	4
0.510000	0.000977	4
0.520000	0.000716	4
0.530000	0.000495	4
0.540000	0.000321	4
0.550000	0.000195	4
0.560000	0.000110	4
0.570000	0.000058	4
0.580000	0.000029	4
0.590000	0.000013	4
0.600000	0.000005	4
0.610000	0.000002	4
0.620000	0.000001	4
0.630000	0.000000	4
0.640000	0.000000	4
0.650000	0.000000	4
0.660000	0.000000	4
0.670000	0.000000	4
0.680000	0.000000	4
0.690000	0.000000	4
0.700000	0.000000	4
0.710000	0.000000	4
0.720000	0.000000	4
0.730000	0.000000	4
0.740000	0.000000	4
0.750000	0.000000	4
0.760000	0.000000	4
0.770000	0.000000	4
0.780000	0.000000	4
0.790000	0.000000	4
0.800000	0.000000	4
0.810000	0.000000	4
0.820000	0.000000	4
0.830000	0.000000	4
0.840000	0.000000	4
0.850000	0.000000	4
0.860000	0.000000	4
0.870000	0.000000	4
0.880000	0.000000	4
0.890000	0.000000	4
0.900000	0.000000	4
0.910000	0.000000	4
0.920000	0.000000	4
0.930000	0.000000	4
0.940000	0.000000	4
0.950000	0.000000	4
0.960000	0.000000	4
0.970000	0.000000	4
0.980000	0.000000	4
0.990000	0.000000	4
1.000000	0.000000	4
0.000000	0.000053	5
0.010000	0.000128	5
0.020000	0.000276	5
0.030000	0.000540	5
0.040000	0.000959	5
0.050000	0.001562	5
0.060000	0.002345	5
0.070000	0.003269	5
0.080000	0.004268	5
0.090000	0.005258	5
0.100000	0.006161	5
0.110000	0.006914	5
0.120000	0.007479	5
0.130000	0.007842	5
0.140000	0.008003	5
0.150000	0.007975	5
0.160000	0.007780	5
0.170000	0.007445	5
0.180000	0.007004	5
0.190000	0.006491	5
0.200000	0.005943	5
0.210000	0.005391	5
0.220000	0.004862	5
0.230000	0.004375	5
0.240000	0.003943	5
0.250000	0.003575	5
0.260000	0.003273	5
0.270000	0.003037	5
0.280000	0.002868	5
0.290000	0.002764	5
0.300000	0.002726	5
0.310000	0.002758	5
0.320000	0.002864	5
0.330000	0.003054	5
0.340000	0.003341	5
0.350000	0.003740	5
0.360000	0.004269	5
0.370000	0.004943	5
0.380000	0.005769	5
0.390000	0.006734	5
0.400000	0.007796	5
0.410000	0.008875	5
0.420000	0.009847	5
0.430000	0.010556	5
0.440000	0.010846	5
0.450000	0.010600	5
0.460000	0.009790	5
0.470000	0.008494	5
0.480000	0.006888	5
0.490000	0.005200	5
0.500000	0.003642	5
0.510000	0.002360	5
0.520000	0.001412	5
0.530000	0.000779	5
0.540000	0.000395	5
0.550000	0.000184	5
0.560000	0.000079	5
0.570000	0.000031	5
0.580000	0.000011	5
0.590000	0.000004	5
0.600000	0.000001	5
0.610000	0.000000	5
0.620000	0.000000	5
0.630000	0.000000	5
0.640000	0.000000	5
0.650000	0.000000	5
0.660000	0.000000	5
0.670000	0.000000	5
0.680000	0.000000	5
0.690000	0.000000	5
0.700000	0.000000	5
0.710000	0.000000	5
0.720000	0.000000	5
0.730000	0.000000	5
0.740000	0.000000	5
0.750000	0.000000	5
0.760000	0.000000	5
0.770000	0.000000	5
0.780000	0.000000	5
0.790000	0.000000	5
0.800000	0.000000	5
0.810000	0.000000	5
0.820000	0.000000	5
0.830000	0.000000	5
0.840000	0.000000	5
0.850000	0.000000	5
0.860000	0.000000	5
0.870000	0.000000	5
0.880000	0.000000	5
0.890000	0.000000	5
0.900000	0.000000	5
0.910000	0.000000	5
0.920000	0.000000	5
0.930000	0.000000	5
0.940000	0.000000	5
0.950000	0.000000	5
0.960000	0.000001	5
0.970000	0.000002	5
0.980000	0.000007	5
0.990000	0.000020	5
1.000000	0.000053	5
0.000000	0.010697	6
0.010000	0.010669	6
0.020000	0.010064	6
0.030000	0.008987	6
0.040000	0.007602	6
0.050000	0.006092	6
0.060000	0.004631	6
0.070000	0.003348	6
0.080000	0.002310	6
0.090000	0.001529	6
0.100000	0.000978	6
0.110000	0.000608	6
0.120000	0.000371	6
0.130000	0.000224	6
0.140000	0.000136	6
0.150000	0.000083	6
0.160000	0.000052	6
0.170000	0.000033	6
0.180000	0.000023	6
0.190000	0.000016	6
0.200000	0.000012	6
0.210000	0.000010	6
0.220000	0.000009	6
0.230000	0.000008	6
0.240000	0.000009	6
0.250000	0.000010	6
0.260000	0.000013	6
0.270000	0.000018	6
0.280000	0.000027	6
0.290000	0.000043	6
0.300000	0.000073	6
0.310000	0.000131	6
0.320000	0.000239	6
0.330000	0.000438	6
0.340000	0.000796	6
0.350000	0.001409	6
0.360000	0.002394	6
0.370000	0.003855	6
0.380000	0.005821	6
0.390000	0.008168	6
0.400000	0.010570	6
0.410000	0.012531	6
0.420000	0.013538	6
0.430000	0.013268	6
0.440000	0.011753	6
0.450000	0.009380	6
0.460000	0.006726	6
0.470000	0.004323	6
0.480000	0.002485	6
0.490000	0.001275	6
0.500000	0.000582	6
0.510000	0.000237	6
0.520000	0.000085	6
0.530000	0.000027	6
0.540000	0.000008	6
0.550000	0.000002	6
0.560000	0.000000	6
0.570000	0.000000	6
0.580000	0.000000	6
0.590000	0.000000	6
0.600000	0.000000	6
0.610000	0.000000	6
0.620000	0.000000	6
0.630000	0.000000	6
0.640000	0.000000	6
0.650000	0.000000	6
0.660000	0.000000	6
0.670000	0.000000	6
0.680000	0.000000	6
0.690000	0.000000	6
0.700000	0.000000	6
0.710000	0.000000	6
0.720000	0.000000	6
0.730000	0.000000	6
0.740000	0.000000	6
0.750000	0.000000	6
0.760000	0.000000	6
0.770000	0.000000	6
0.780000	0.000000	6
0.790000	0.000000	6
0.800000	0.000000	6
0.810000	0.000000	6
0.820000	0.000000	6
0.830000	0.000000	6
0.840000	0.000000	6
0.850000	0.000000	6
0.860000	0.000001	6
0.870000	0.000006	6
0.880000	0.000019	6
0.890000	0.000057	6
0.900000	0.000153	6
0.910000	0.000367	6
0.920000	0.000785	6
0.930000	0.001501	6
0.940000	0.002584	6
0.950000	0.004024	6
0.960000	0.005710	6
0.970000	0.007443	6
0.980000	0.008983	6
0.990000	0.010116	6
1.000000	0.010697	6
0.000000	0.005440	7
0.010000	0.004173	7
0.020000	0.003125	7
0.030000	0.002297	7
0.040000	0.001666	7
0.050000	0.001199	7
0.060000	0.000863	7
0.070000	0.000625	7
0.080000	0.000460	7
0.090000	0.000345	7
0.100000	0.000268	7
0.110000	0.000215	7
0.120000	0.000181	7
0.130000	0.000161	7
0.140000	0.000152	7
0.150000	0.000153	7
0.160000	0.000164	7
0.170000	0.000190	7
0.180000	0.000234	7
0.190000	0.000306	7
0.200000	0.000422	7
0.210000	0.000604	7
0.220000	0.000887	7
0.230000	0.001321	7
0.240000	0.001967	7
0.250000	0.002898	7
0.260000	0.004183	7
0.270000	0.005865	7
0.280000	0.007930	7
0.290000	0.010274	7
0.300000	0.012691	7
0.310000	0.014882	7
0.320000	0.016509	7
0.330000	0.017276	7
0.340000	0.017014	7
0.350000	0.015734	7
0.360000	0.013638	7
0.370000	0.011060	7
0.380000	0.008374	7
0.390000	0.005908	7
0.400000	0.003876	7
0.410000	0.002359	7
0.420000	0.001329	7
0.430000	0.000691	7
0.440000	0.000331	7
0.450000	0.000146	7
0.460000	0.000059	7
0.470000	0.000022	7
0.480000	0.000007	7
0.490000	0.000002	7
0.500000	0.000001	7
0.510000	0.000000	7
0.520000	0.000000	7
0.530000	0.000000	7
0.540000	0.000000	7
0.550000	0.000000	7
0.560000	0.000000	7
0.570000	0.000000	7
0.580000	0.000000	7
0.590000	0.000000	7
0.600000	0.000000	7
0.610000	0.000000	7
0.620000	0.000000	7
0.630000	0.000000	7
0.640000	0.000000	7
0.650000	0.000000	7
0.660000	0.000000	7
0.670000	0.000000	7
0.680000	0.000000	7
0.690000	0.000000	7
0.700000	0.000000	7
0.710000	0.000000	7
0.720000	0.000000	7
0.730000	0.000000	7
0.740000	0.000000	7
0.750000	0.000001	7
0.760000	0.000004	7
0.770000	0.000011	7
0.780000	0.000030	7
0.790000	0.000077	7
0.800000	0.000179	7
0.810000	0.000382	7
0.820000	0.000752	7
0.830000	0.001362	7
0.840000	0.002283	7
0.850000	0.003550	7
0.860000	0.005142	7
0.870000	0.006971	7
0.880000	0.008890	7
0.890000	0.010720	7
0.900000	0.012283	7
0.910000	0.013436	7
0.920000	0.014085	7
0.930000	0.014190	7
0.940000	0.013764	7
0.950000	0.012867	7
0.960000	0.011602	7
0.970000	0.010095	7
0.980000	0.008485	7
0.990000	0.006900	7
1.000000	0.005440	7
0.000000	0.000000	8
0.010000	0.000000	8
0.020000	0.000000	8
0.030000	0.000000	8
0.040000	0.000000	8
0.050000	0.000000	8
0.060000	0.000000	8
0.070000	0.000000	8
0.080000	0.000000	8
0.090000	0.000000	8
0.100000	0.000000	8
0.110000	0.000000	8
0.120000	0.000000	8
0.130000	0.000000	8
0.140000	0.000000	8
0.150000	0.000000	8
0.160000	0.000000	8
0.170000	0.000000	8
0.180000	0.000000	8
0.190000	0.000001	8
0.200000	0.000003	8
0.210000	0.000005	8
0.220000	0.000011	8
0.230000	0.000021	8
0.240000	0.000037	8
0.250000	0.000063	8
0.260000	0.000100	8
0.270000	0.000152	8
0.280000	0.000221	8
0.290000	0.000308	8
0.300000	0.000412	8
0.310000	0.000530	8
0.320000	0.000660	8
0.330000	0.000795	8
0.340000	0.000931	8
0.350000	0.001061	8
0.360000	0.001179	8
0.370000	0.001282	8
0.380000	0.001366	8
0.390000	0.001431	8
0.400000	0.001478	8
0.410000	0.001511	8
0.420000	0.001533	8
0.430000	0.001545	8
0.440000	0.001549	8
0.450000	0.001544	8
0.460000	0.001527	8
0.470000	0.001495	8
0.480000	0.001445	8
0.490000	0.001375	8
0.500000	0.001284	8
0.510000	0.001174	8
0.520000	0.001048	8
0.530000	0.000912	8
0.540000	0.000772	8
0.550000	0.000634	8
0.560000	0.000504	8
0.570000	0.000386	8
0.580000	0.000285	8
0.590000	0.000202	8
0.600000	0.000137	8
0.610000	0.000088	8
0.620000	0.000054	8
0.630000	0.000032	8
0.640000	0.000018	8
0.650000	0.000009	8
0.660000	0.000004	8
0.670000	0.000002	8
0.680000	0.000001	8
0.690000	0.000000	8
0.700000	0.000000	8
0.710000	0.000000	8
0.720000	0.000000	8
0.730000	0.000000	8
0.740000	0.000000	8
0.750000	0.000000	8
0.760000	0.000000	8
0.770000	0.000000	8
0.780000	0.000000	8
0.790000	0.000000	8
0.800000	0.000000	8
0.810000	0.000000	8
0.820000	0.000000	8
0.830000	0.000000	8
0.840000	0.000000	8
0.850000	0.000000	8
0.860000	0.000000	8
0.870000	0.000000	8
0.880000	0.000000	8
0.890000	0.000000	8
0.900000	0.000000	8
0.910000	0.000000	8
0.920000	0.000000	8
0.930000	0.000000	8
0.940000	0.000000	8
0.950000	0.000000	8
0.960000	0.000000	8
0.970000	0.000000	8
0.980000	0.000000	8
0.990000	0.000000	8
1.000000	0.000000	8
0.000000	0.000000	9
0.010000	0.000000	9
0.020000	0.000000	9
0.030000	0.000000	9
0.040000	0.000000	9
0.050000	0.000000	9
0.060000	0.000000	9
0.070000	0.000000	9
0.080000	0.000000	9
0.090000	0.000000	9
0.100000	0.000000	9
0.110000	0.000000	9
0.120000	0.000000	9
0.130000	0.000000	9
0.140000	0.000000	9
0.150000	0.000000	9
0.160000	0.000000	9
0.170000	0.000000	9
0.180000	0.000000	9
0.190000	0.000000	9
0.200000	0.000000	9
0.210000	0.000000	9
0.220000	0.000000	9
0.230000	0.000000	9
0.240000	0.000000	9
0.250000	0.000000	9
0.260000	0.000000	9
0.270000	0.000000	9
0.280000	0.000000	9
0.290000	0.000000	9
0.300000	0.000000	9
0.310000	0.000000	9
0.320000	0.000000	9
0.330000	0.000000	9
0.340000	0.000001	9
0.350000	0.000001	9
0.360000	0.000003	9
0.370000	0.000007	9
0.380000	0.000014	9
0.390000	0.000027	9
0.400000	0.000048	9
0.410000	0.000082	9
0.420000	0.000134	9
0.430000	0.000207	9
0.440000	0.000307	9
0.450000	0.000437	9
0.460000	0.000599	9
0.470000	0.000793	9
0.480000	0.001015	9
0.490000	0.001259	9
0.500000	0.001518	9
0.510000	0.001780	9
0.520000	0.002035	9
0.530000	0.002273	9
0.540000	0.002484	9
0.550000	0.002663	9
0.560000	0.002807	9
0.570000	0.002918	9
0.580000	0.002998	9
0.590000	0.003050	9
0.600000	0.003077	9
0.610000	0.003082	9
0.620000	0.003066	9
0.630000	0.003030	9
0.640000	0.002972	9
0.650000	0.002890	9
0.660000	0.002780	9
0.670000	0.002640	9
0.680000	0.002469	9
0.690000	0.002270	9
0.700000	0.002047	9
0.710000	0.001808	9
0.720000	0.001561	9
0.730000	0.001316	9
0.740000	0.001080	9
0.750000	0.000861	9
0.760000	0.000665	9
0.770000	0.000496	9
0.780000	0.000357	9
0.790000	0.000246	9
0.800000	0.000162	9
0.810000	0.000101	9
0.820000	0.000060	9
0.830000	0.000034	9
0.840000	0.000018	9
0.850000	0.000009	9
0.860000	0.000004	9
0.870000	0.000002	9
0.880000	0.000001	9
0.890000	0.000000	9
0.900000	0.000000	9
0.910000	0.000000	9
0.920000	0.000000	9
0.930000	0.000000	9
0.940000	0.000000	9
0.950000	0.000000	9
0.960000	0.000000	9
0.970000	0.000000	9
0.980000	0.000000	9
0.990000	0.000000	9
1.000000	0.000000	9
0.000000	0.000015	10
0.010000	0.000007	10
0.020000	0.000003	10
0.030000	0.000001	10
0.040000	0.000000	10
0.050000	0.000000	10
0.060000	0.000000	10
0.070000	0.000000	10
0.080000	0.000000	10
0.090000	0.000000	10
0.100000	0.000000	10
0.110000	0.000000	10
0.120000	0.000000	10
0.130000	0.000000	10
0.140000	0.000000	10
0.150000	0.000000	10
0.160000	0.000000	10
0.170000	0.000000	10
0.180000	0.000000	10
0.190000	0.000000	10
0.200000	0.000000	10
0.210000	0.000000	10
0.220000	0.000000	10
0.230000	0.000000	10
0.240000	0.000000	10
0.250000	0.000000	10
0.260000	0.000000	10
0.270000	0.000000	10
0.280000	0.000000	10
0.290000	0.000000	10
0.300000	0.000000	10
0.310000	0.000000	10
0.320000	0.000000	10
0.330000	0.000000	10
0.340000	0.000000	10
0.350000	0.000000	10
0.360000	0.000000	10
0.370000	0.000000	10
0.380000	0.000000	10
0.390000	0.000000	10
0.400000	0.000000	10
0.410000	0.000000	10
0.420000	0.000000	10
0.430000	0.000001	10
0.440000	0.000002	10
0.450000	0.000004	10
0.460000	0.000009	10
0.470000	0.000019	10
0.480000	0.000036	10
0.490000	0.000066	10
0.500000	0.000112	10
0.510000	0.000182	10
0.520000	0.000281	10
0.530000	0.000416	10
0.540000	0.000590	10
0.550000	0.000807	10
0.560000	0.001069	10
0.570000	0.001372	10
0.580000	0.001715	10
0.590000	0.002089	10
0.600000	0.002486	10
0.610000	0.002893	10
0.620000	0.003295	10
0.630000	0.003678	10
0.640000	0.004026	10
0.650000	0.004328	10
0.660000	0.004576	10
0.670000	0.004769	10
0.680000	0.004907	10
0.690000	0.004993	10
0.700000	0.005035	10
0.710000	0.005039	10
0.720000	0.005010	10
0.730000	0.004955	10
0.740000	0.004877	10
0.750000	0.004782	10
0.760000	0.004671	10
0.770000	0.004545	10
0.780000	0.004403	10
0.790000	0.004244	10
0.800000	0.004064	10
0.810000	0.003862	10
0.820000	0.003637	10
0.830000	0.003389	10
0.840000	0.003121	10
0.850000	0.002836	10
0.860000	0.002539	10
0.870000	0.002234	10
0.880000	0.001928	10
0.890000	0.001626	10
0.900000	0.001335	10
0.910000	0.001063	10
0.920000	0.000818	10
0.930000	0.000604	10
0.940000	0.000426	10
0.950000	0.000286	10
0.960000	0.000182	10
0.970000	0.000109	10
0.980000	0.000061	10
0.990000	0.000032	10
1.000000	0.000015	10
0.000000	0.002127	11
0.010000	0.001730	11
0.020000	0.001346	11
0.030000	0.000995	11
0.040000	0.000692	11
0.050000	0.000448	11
0.060000	0.000267	11
0.070000	0.000145	11
0.080000	0.000071	11
0.090000	0.000031	11
0.100000	0.000012	11
0.110000	0.000004	11
0.120000	0.000001	11
0.130000	0.000000	11
0.140000	0.000000	11
0.150000	0.000000	11
0.160000	0.000000	11
0.170000	0.000000	11
0.180000	0.000000	11
0.190000	0.000000	11
0.200000	0.000000	11
0.210000	0.000000	11
0.220000	0.000000	11
0.230000	0.000000	11
0.240000	0.000000	11
0.250000	0.000000	11
0.260000	0.000000	11
0.270000	0.000000	11
0.280000	0.000000	11
0.290000	0.000000	11
0.300000	0.000000	11
0.310000	0.000000	11
0.320000	0.000000	11
0.330000	0.000000	11
0.340000	0.000000	11
0.350000	0.000000	11
0.360000	0.000000	11
0.370000	0.000000	11
0.380000	0.000000	11
0.390000	0.000000	11
0.400000	0.000000	11
0.410000	0.000000	11
0.420000	0.000000	11
0.430000	0.000000	11
0.440000	0.000000	11
0.450000	0.000000	11
0.460000	0.000000	11
0.470000	0.000000	11
0.480000	0.000000	11
0.490000	0.000000	11
0.500000	0.000000	11
0.510000	0.000000	11
0.520000	0.000000	11
0.530000	0.000000	11
0.540000	0.000000	11
0.550000	0.000000	11
0.560000	0.000000	11
0.570000	0.000001	11
0.580000	0.000004	11
0.590000	0.000012	11
0.600000	0.000029	11
0.610000	0.000064	11
0.620000	0.000129	11
0.630000	0.000236	11
0.640000	0.000399	11
0.650000	0.000625	11
0.660000	0.000918	11
0.670000	0.001275	11
0.680000	0.001686	11
0.690000	0.002139	11
0.700000	0.002619	11
0.710000	0.003111	11
0.720000	0.003600	11
0.730000	0.004071	11
0.740000	0.004512	11
0.750000	0.004910	11
0.760000	0.005259	11
0.770000	0.005551	11
0.780000	0.005783	11
0.790000	0.005952	11
0.800000	0.006054	11
0.810000	0.006096	11
0.820000	0.006086	11
0.830000	0.006038	11
0.840000	0.005962	11
0.850000	0.005866	11
0.860000	0.005753	11
0.870000	0.005623	11
0.880000	0.005476	11
0.890000	0.005311	11
0.900000	0.005131	11
0.910000	0.004937	11
0.920000	0.004724	11
0.930000	0.004488	11
0.940000	0.004226	11
0.950000	0.003935	11
0.960000	0.003618	11
0.970000	0.003275	11
0.980000	0.002909	11
0.990000	0.002524	11
1.000000	0.002127	11
0.000000	0.000235	12
0.010000	0.000165	12
0.020000	0.000112	12
0.030000	0.000074	12
0.040000	0.000049	12
0.050000	0.000032	12
0.060000	0.000021	12
0.070000	0.000014	12
0.080000	0.000010	12
0.090000	0.000009	12
0.100000	0.000008	12
0.110000	0.000010	12
0.120000	0.000014	12
0.130000	0.000022	12
0.140000	0.000037	12
0.150000	0.000062	12
0.160000	0.000104	12
0.170000	0.000168	12
0.180000	0.000258	12
0.190000	0.000376	12
0.200000	0.000518	12
0.210000	0.000673	12
0.220000	0.000826	12
0.230000	0.000962	12
0.240000	0.001070	12
0.250000	0.001144	12
0.260000	0.001184	12
0.270000	0.001194	12
0.280000	0.001175	12
0.290000	0.001127	12
0.300000	0.001049	12
0.310000	0.000943	12
0.320000	0.000811	12
0.330000	0.000662	12
0.340000	0.000508	12
0.350000	0.000363	12
0.360000	0.000239	12
0.370000	0.000145	12
0.380000	0.000080	12
0.390000	0.000040	12
0.400000	0.000018	12
0.410000	0.000007	12
0.420000	0.000003	12
0.430000	0.000001	12
0.440000	0.000000	12
0.450000	0.000000	12
0.460000	0.000000	12
0.470000	0.000000	12
0.480000	0.000000	12
0.490000	0.000000	12
0.500000	0.000000	12
0.510000	0.000000	12
0.520000	0.000000	12
0.530000	0.000000	12
0.540000	0.000000	12
0.550000	0.000000	12
0.560000	0.000000	12
0.570000	0.000000	12
0.580000	0.000000	12
0.590000	0.000000	12
0.600000	0.000000	12
0.610000	0.000000	12
0.620000	0.000000	12
0.630000	0.000000	12
0.640000	0.000000	12
0.650000	0.000000	12
0.660000	0.000000	12
0.670000	0.000000	12
0.680000	0.000000	12
0.690000	0.000000	12
0.700000	0.000000	12
0.710000	0.000000	12
0.720000	0.000001	12
0.730000	0.000003	12
0.740000	0.000009	12
0.750000	0.000021	12
0.760000	0.000045	12
0.770000	0.000088	12
0.780000	0.000155	12
0.790000	0.000247	12
0.800000	0.000359	12
0.810000	0.000481	12
0.820000	0.000600	12
0.830000	0.000705	12
0.840000	0.000788	12
0.850000	0.000849	12
0.860000	0.000888	12
0.870000	0.000912	12
0.880000	0.000925	12
0.890000	0.000929	12
0.900000	0.000927	12
0.910000	0.000917	12
0.920000	0.000897	12
0.930000	0.000861	12
0.940000	0.000807	12
0.950000	0.000731	12
0.960000	0.000637	12
0.970000	0.000531	12
0.980000	0.000423	12
0.990000	0.000322	12
1.000000	0.000235	12
0.000000	0.003326	13
0.010000	0.003573	13
0.020000	0.003690	13
0.030000	0.003680	13
0.040000	0.003542	13
0.050000	0.003269	13
0.060000	0.002866	13
0.070000	0.002360	13
0.080000	0.001806	13
0.090000	0.001273	13
0.100000	0.000822	13
0.110000	0.000484	13
0.120000	0.000259	13
0.130000	0.000126	13
0.140000	0.000056	13
0.150000	0.000023	13
0.160000	0.000009	13
0.170000	0.000003	13
0.180000	0.000001	13
0.190000	0.000000	13
0.200000	0.000000	13
0.210000	0.000000	13
0.220000	0.000000	13
0.230000	0.000000	13
0.240000	0.000000	13
0.250000	0.000000	13
0.260000	0.000000	13
0.270000	0.000000	13
0.280000	0.000000	13
0.290000	0.000000	13
0.300000	0.000000	13
0.310000	0.000000	13
0.320000	0.000000	13
0.330000	0.000000	13
0.340000	0.000000	13
0.350000	0.000000	13
0.360000	0.000000	13
0.370000	0.000000	13
0.380000	0.000000	13
0.390000	0.000000	13
0.400000	0.000001	13
0.410000	0.000002	13
0.420000	0.000007	13
0.430000	0.000022	13
0.440000	0.000064	13
0.450000	0.000164	13
0.460000	0.000376	13
0.470000	0.000770	13
0.480000	0.001408	13
0.490000	0.002302	13
0.500000	0.003371	13
0.510000	0.004425	13
0.520000	0.005214	13
0.530000	0.005518	13
0.540000	0.005248	13
0.550000	0.004486	13
0.560000	0.003445	13
0.570000	0.002378	13
0.580000	0.001475	13
0.590000	0.000823	13
0.600000	0.000414	13
0.610000	0.000188	13
0.620000	0.000078	13
0.630000	0.000029	13
0.640000	0.000010	13
0.650000	0.000003	13
0.660000	0.000001	13
0.670000	0.000000	13
0.680000	0.000000	13
0.690000	0.000000	13
0.700000	0.000000	13
0.710000	0.000000	13
0.720000	0.000000	13
0.730000	0.000000	13
0.740000	0.000000	13
0.750000	0.000000	13
0.760000	0.000000	13
0.770000	0.000000	13
0.780000	0.000000	13
0.790000	0.000000	13
0.800000	0.000000	13
0.810000	0.000000	13
0.820000	0.000000	13
0.830000	0.000000	13
0.840000	0.000000	13
0.850000	0.000001	13
0.860000	0.000001	13
0.870000	0.000003	13
0.880000	0.000008	13
0.890000	0.000019	13
0.900000	0.000043	13
0.910000	0.000093	13
0.920000	0.000186	13
0.930000	0.000347	13
0.940000	0.000600	13
0.950000	0.000960	13
0.960000	0.001419	13
0.970000	0.001944	13
0.980000	0.002476	13
0.990000	0.002953	13
1.000000	0.003326	13
0.000000	0.000133	14
0.010000	0.000071	14
0.020000	0.000034	14
0.030000	0.000015	14
0.040000	0.000006	14
0.050000	0.000002	14
0.060000	0.000001	14
0.070000	0.000000	14
0.080000	0.000000	14
0.090000	0.000000	14
0.100000	0.000000	14
0.110000	0.000000	14
0.120000	0.000000	14
0.130000	0.000000	14
0.140000	0.000000	14
0.150000	0.000000	14
0.160000	0.000000	14
0.170000	0.000000	14
0.180000	0.000000	14
0.190000	0.000000	14
0.200000	0.000000	14
0.210000	0.000000	14
0.220000	0.000000	14
0.230000	0.000000	14
0.240000	0.000000	14
0.250000	0.000000	14
0.260000	0.000000	14
0.270000	0.000000	14
0.280000	0.000000	14
0.290000	0.000000	14
0.300000	0.000000	14
0.310000	0.000000	14
0.320000	0.000000	14
0.330000	0.000000	14
0.340000	0.000000	14
0.350000	0.000000	14
0.360000	0.000000	14
0.370000	0.000000	14
0.380000	0.000000	14
0.390000	0.000000	14
0.400000	0.000001	14
0.410000	0.000003	14
0.420000	0.000008	14
0.430000	0.000022	14
0.440000	0.000049	14
0.450000	0.000102	14
0.460000	0.000189	14
0.470000	0.000319	14
0.480000	0.000490	14
0.490000	0.000692	14
0.500000	0.000900	14
0.510000	0.001084	14
0.520000	0.001212	14
0.530000	0.001260	14
0.540000	0.001219	14
0.550000	0.001097	14
0.560000	0.000918	14
0.570000	0.000716	14
0.580000	0.000522	14
0.590000	0.000356	14
0.600000	0.000229	14
0.610000	0.000141	14
0.620000	0.000083	14
0.630000	0.000048	14
0.640000	0.000027	14
0.650000	0.000016	14
0.660000	0.000009	14
0.670000	0.000006	14
0.680000	0.000004	14
0.690000	0.000003	14
0.700000	0.000003	14
0.710000	0.000003	14
0.720000	0.000003	14
0.730000	0.000003	14
0.740000	0.000005	14
0.750000	0.000007	14
0.760000	0.000010	14
0.770000	0.000015	14
0.780000	0.000024	14
0.790000	0.000038	14
0.800000	0.000060	14
0.810000	0.000094	14
0.820000	0.000145	14
0.830000	0.000215	14
0.840000	0.000307	14
0.850000	0.000420	14
0.860000	0.000547	14
0.870000	0.000677	14
0.880000	0.000798	14
0.890000	0.000896	14
0.900000	0.000964	14
0.910000	0.000995	14
0.920000	0.000989	14
0.930000	0.000947	14
0.940000	0.000869	14
0.950000	0.000759	14
0.960000	0.000626	14
0.970000	0.000482	14
0.980000	0.000344	14
0.990000	0.000224	14
1.000000	0.000133	14
0.000000	0.063770	15
0.010000	0.063614	15
0.020000	0.063141	15
0.030000	0.062344	15
0.040000	0.061209	15
0.050000	0.059721	15
0.060000	0.057863	15
0.070000	0.055626	15
0.080000	0.053005	15
0.090000	0.050008	15
0.100000	0.046658	15
0.110000	0.042996	15
0.120000	0.039080	15
0.130000	0.034987	15
0.140000	0.030809	15
0.150000	0.026646	15
0.160000	0.022603	15
0.170000	0.018778	15
0.180000	0.015259	15
0.190000	0.012111	15
0.200000	0.009378	15
0.210000	0.007075	15
0.220000	0.005196	15
0.230000	0.003711	15
0.240000	0.002574	15
0.250000	0.001734	15
0.260000	0.001133	15
0.270000	0.000718	15
0.280000	0.000442	15
0.290000	0.000263	15
0.300000	0.000152	15
0.310000	0.000085	15
0.320000	0.000046	15
0.330000	0.000025	15
0.340000	0.000013	15
0.350000	0.000006	15
0.360000	0.000003	15
0.370000	0.000002	15
0.380000	0.000001	15
0.390000	0.000000	15
0.400000	0.000000	15
0.410000	0.000000	15
0.420000	0.000000	15
0.430000	0.000000	15
0.440000	0.000000	15
0.450000	0.000000	15
0.460000	0.000000	15
0.470000	0.000000	15
0.480000	0.000000	15
0.490000	0.000000	15
0.500000	0.000000	15
0.510000	0.000000	15
0.520000	0.000000	15
0.530000	0.000000	15
0.540000	0.000000	15
0.550000	0.000000	15
0.560000	0.000000	15
0.570000	0.000000	15
0.580000	0.000000	15
0.590000	0.000000	15
0.600000	0.000000	15
0.610000	0.000000	15
0.620000	0.000001	15
0.630000	0.000002	15
0.640000	0.000003	15
0.650000	0.000006	15
0.660000	0.000013	15
0.670000	0.000025	15
0.680000	0.000046	15
0.690000	0.000085	15
0.700000	0.000152	15
0.710000	0.000263	15
0.720000	0.000442	15
0.730000	0.000718	15
0.740000	0.001133	15
0.750000	0.001734	15
0.760000	0.002574	15
0.770000	0.003711	15
0.780000	0.005196	15
0.790000	0.007075	15
0.800000	0.009378	15
0.810000	0.012111	15
0.820000	0.015259	15
0.830000	0.018778	15
0.840000	0.022603	15
0.850000	0.026646	15
0.860000	0.030809	15
0.870000	0.034987	15
0.880000	0.039080	15
0.890000	0.042996	15
0.900000	0.046658	15
0.910000	0.050008	15
0.920000	0.053005	15
0.930000	0.055626	15
0.940000	0.057863	15
0.950000	0.059721	15
0.960000	0.061209	15
0.970000	0.062344	15
0.980000	0.063141	15
0.990000	0.063614	15
1.000000	0.063770	15
0.000000	0.000070	16
0.010000	0.000070	16
0.020000	0.000070	16
0.030000	0.000069	16
0.040000	0.000067	16
0.050000	0.000066	16
0.060000	0.000064	16
0.070000	0.000061	16
0.080000	0.000059	16
0.090000	0.000056	16
0.100000	0.000053	16
0.110000	0.000051	16
0.120000	0.000048	16
0.130000	0.000044	16
0.140000	0.000041	16
0.150000	0.000038	16
0.160000	0.000035	16
0.170000	0.000033	16
0.180000	0.000030	16
0.190000	0.000027	16
0.200000	0.000025	16
0.210000	0.000022	16
0.220000	0.000020	16
0.230000	0.000018	16
0.240000	0.000016	16
0.250000	0.000015	16
0.260000	0.000013	16
0.270000	0.000012	16
0.280000	0.000011	16
0.290000	0.000010	16
0.300000	0.000009	16
0.310000	0.000008	16
0.320000	0.000007	16
0.330000	0.000006	16
0.340000	0.000006	16
0.350000	0.000005	16
0.360000	0.000005	16
0.370000	0.000004	16
0.380000	0.000004	16
0.390000	0.000004	16
0.400000	0.000003	16
0.410000	0.000003	16
0.420000	0.000003	16
0.430000	0.000003	16
0.440000	0.000003	16
0.450000	0.000002	16
0.460000	0.000002	16
0.470000	0.000002	16
0.480000	0.000002	16
0.490000	0.000002	16
0.500000	0.000002	16
0.510000	0.000002	16
0.520000	0.000002	16
0.530000	0.000002	16
0.540000	0.000002	16
0.550000	0.000002	16
0.560000	0.000003	16
0.570000	0.000003	16
0.580000	0.000003	16
0.590000	0.000003	16
0.600000	0.000003	16
0.610000	0.000004	16
0.620000	0.000004	16
0.630000	0.000004	16
0.640000	0.000005	16
0.650000	0.000005	16
0.660000	0.000006	16
0.670000	0.000006	16
0.680000	0.000007	16
0.690000	0.000008	16
0.700000	0.000009	16
0.710000	0.000009	16
0.720000	0.000011	16
0.730000	0.000012	16
0.740000	0.000013	16
0.750000	0.000015	16
0.760000	0.000016	16
0.770000	0.000018	16
0.780000	0.000020	16
0.790000	0.000022	16
0.800000	0.000025	16
0.810000	0.000027	16
0.820000	0.000030	16
0.830000	0.000032	16
0.840000	0.000035	16
0.850000	0.000038	16
0.860000	0.000041	16
0.870000	0.000044	16
0.880000	0.000047	16
0.890000	0.000050	16
0.900000	0.000053	16
0.910000	0.000056	16
0.920000	0.000059	16
0.930000	0.000061	16
0.940000	0.000064	16
0.950000	0.000066	16
0.960000	0.000067	16
0.970000	0.000069	16
0.980000	0.000070	16
0.990000	0.000070	16
1.000000	0.000070	16
0.000000	0.000512	17
0.010000	0.000414	17
0.020000	0.000310	17
0.030000	0.000215	17
0.040000	0.000138	17
0.050000	0.000081	17
0.060000	0.000044	17
0.070000	0.000022	17
0.080000	0.000010	17
0.090000	0.000004	17
0.100000	0.000002	17
0.110000	0.000001	17
0.120000	0.000000	17
0.130000	0.000000	17
0.140000	0.000000	17
0.150000	0.000000	17
0.160000	0.000000	17
0.170000	0.000000	17
0.180000	0.000000	17
0.190000	0.000000	17
0.200000	0.000000	17
0.210000	0.000000	17
0.220000	0.000000	17
0.230000	0.000000	17
0.240000	0.000000	17
0.250000	0.000000	17
0.260000	0.000000	17
0.270000	0.000000	17
0.280000	0.000000	17
0.290000	0.000000	17
0.300000	0.000000	17
0.310000	0.000000	17
0.320000	0.000000	17
0.330000	0.000000	17
0.340000	0.000000	17
0.350000	0.000000	17
0.360000	0.000000	17
0.370000	0.000000	17
0.380000	0.000000	17
0.390000	0.000000	17
0.400000	0.000000	17
0.410000	0.000000	17
0.420000	0.000000	17
0.430000	0.000000	17
0.440000	0.000000	17
0.450000	0.000001	17
0.460000	0.000003	17
0.470000	0.000007	17
0.480000	0.000015	17
0.490000	0.000031	17
0.500000	0.000059	17
0.510000	0.000104	17
0.520000	0.000169	17
0.530000	0.000255	17
0.540000	0.000356	17
0.550000	0.000459	17
0.560000	0.000550	17
0.570000	0.000614	17
0.580000	0.000639	17
0.590000	0.000623	17
0.600000	0.000572	17
0.610000	0.000496	17
0.620000	0.000409	17
0.630000	0.000322	17
0.640000	0.000243	17
0.650000	0.000178	17
0.660000	0.000127	17
0.670000	0.000089	17
0.680000	0.000062	17
0.690000	0.000043	17
0.700000	0.000030	17
0.710000	0.000021	17
0.720000	0.000015	17
0.730000	0.000011	17
0.740000	0.000009	17
0.750000	0.000007	17
0.760000	0.000006	17
0.770000	0.000006	17
0.780000	0.000006	17
0.790000	0.000006	17
0.800000	0.000007	17
0.810000	0.000008	17
0.820000	0.000010	17
0.830000	0.000013	17
0.840000	0.000018	17
0.850000	0.000025	17
0.860000	0.000035	17
0.870000	0.000050	17
0.880000	0.000072	17
0.890000	0.000104	17
0.900000	0.000148	17
0.910000	0.000205	17
0.920000	0.000277	17
0.930000	0.000360	17
0.940000	0.000448	17
0.950000	0.000532	17
0.960000	0.000599	17
0.970000	0.000635	17
0.980000	0.000633	17
0.990000	0.000590	17
1.000000	0.000512	17
